lstm_out = 64
epoch: 400
batch_size = 40


fold number 
326, 284, 22481, 301
0.534426229508,0.519936204147,0.527081649151
22481, 301, 326, 284
0.986787814942,0.987524708983,0.987156124443


0.760607022225,0.753730456565,0.757118886797

fold number 
293, 175, 19593, 334
0.626068376068,0.467304625199,0.535159817352
19593, 334, 293, 175
0.983238821699,0.991147308782,0.987177226351


0.804653598884,0.729225966991,0.761168521851

fold number 
331, 200, 19854, 296
0.623352165725,0.527910685805,0.571675302245
19854, 296, 331, 200
0.985310173697,0.990026927296,0.987662919113


0.804331169711,0.758968806551,0.779669110679

fold number 
341, 200, 21496, 286
0.630314232902,0.543859649123,0.583904109589
21496, 286, 341, 200
0.986869892572,0.990781710914,0.988821932932


0.808592062737,0.767320680019,0.78636302126

fold number 
315, 248, 20147, 312
0.559502664298,0.502392344498,0.529411764706
20147, 312, 315, 248
0.98474998778,0.987840156901,0.986292651882


0.772126326039,0.745116250699,0.757852208294

