
======================================================
lstm_out = 64
epoch: 400
batch_size = 40

fold number 
303, 302, 22463, 324
0.500826446281,0.483253588517,0.491883116883
22463, 324, 303, 302
0.985781366569,0.986734021524,0.986257463997


0.743303906425,0.734993805021,0.73907029044

fold number 
326, 231, 19537, 301
0.585278276481,0.519936204147,0.550675675676
19537, 301, 326, 231
0.984827099506,0.988314447592,0.986567691764


0.785052687994,0.754125325869,0.76862168372

fold number 
332, 186, 19868, 295
0.640926640927,0.529505582137,0.579912663755
19868, 295, 332, 186
0.985369240688,0.990725042386,0.988039883631


0.813147940808,0.760115312261,0.783976273693

fold number 
336, 194, 21502, 291
0.633962264151,0.535885167464,0.580812445981
21502, 291, 336, 194
0.986647088515,0.991058259587,0.988847754605


0.810304676333,0.763471713526,0.784830100293

fold number 
309, 238, 20157, 318
0.564899451554,0.492822966507,0.526405451448
20157, 318, 309, 238
0.984468864469,0.988330473155,0.986395889405


0.774684158011,0.740576719831,0.756400670427

